439093
377847
377845
530373
451309
547480
409985
377813
377816
377815
530371
517640
530696
530372
549157
451307
485946
451308
552588
811021
811002
811022
811007
549158
540691
547062
517710
409983
409984
441119
547062
547480
540691
540691
540691
547062
530695
404203
411844
419588
419589
423659
426014
432139
434330
435186
435187
441169
451801
452500
452520
452526
454307
454308
454651
454652
455159
456721
456722
456780
475518
491099
491442
491443
491444
491921
493126
493851
498896
524085
529443
530978
534125
538829
540158
540172
540967
541295
542492
542497
544077
544200
544961
548320
548650
552162
449188
411054
530693
530694
811024
811023
407501
418795
418796
419665
419666
419667
419668
421837
421838
421839
422778
422779
477251
477252
477267
481289
489483
489484
474532
474533
474534
422780
472288
417013